Spatial simulation/Assignments/Ass6-UML of final project/BaseData/processed data/slope.asc
ncols         436
nrows         470
xllcorner     349069.70811638
yllcorner     5290392.2685143
cellsize      25.008572354949
NODATA_value  -9999
[rows 406 to 434 of 470, columns 130 to 194 of 436]
0.9055399 2.714812 3.432456 7.262163 12.65496 13.76452 12.41571 11.30616 10.21595 9.628412 7.262163 3.261714 4.57236 2.714812 2.179958 0.5727423 1.214828 2.559762 1.619582 1.28052 1.619582 2.179958 0.5727423 1.669399 2.064227 2.462023 1.459945 2.289826 2.064227 2.024175 0.9055399 0.9055399 2.024175 2.289826 2.559762 3.479687 0 0 0 0 0 0 1.14537 1.14537 0 0 0 0 0 0 1.619582 3.728675 3.815146 4.353622 5.109347 4.60779 2.559762 3.261714 10.77616 5.665953 7.490531 6.564109 2.024175 1.28052 1.459945
7.128236 7.814919 7.691051 6.863935 5.432427 3.728675 2.36022 0.9055399 0.809953 2.861426 4.123109 3.662466 3.456153 1.717769 2.064227 2.064227 1.14537 1.717769 1.214828 1.28052 1.619582 1.669399 0.5727423 2.179958 2.064227 2.559762 0.809953 4.372275 2.832714 2.024175 2.179958 2.179958 2.462023 4.297171 2.36022 4.297171 0 0 0 0 0 0 1.14537 1.14537 0 0 0 0 0 0 1.810628 2.832714 3.159971 2.591519 1.669399 2.179958 2.861426 2.462023 5.998794 9.693786 11.37477 7.037477 1.28052 3.640126 4.60779
5.820933 4.123109 2.36022 2.462023 1.669399 1.669399 2.861426 3.836457 4.931483 3.728675 0.9055399 2.714812 0.9055399 2.024175 3.479687 4.372275 4.60779 3.159971 0.9055399 1.28052 1.214828 0.9055399 1.14537 2.289826 2.024175 2.714812 1.810628 5.736931 2.559762 1.214828 3.159971 3.159971 2.179958 5.491763 2.024175 4.57236 0 0 0 0 0 0 1.14537 1.14537 0 0 0 0 0 0 0.9055399 2.861426 4.297171 4.372275 2.714812 0 1.669399 2.832714 0.9055399 2.179958 4.043309 1.14537 3.159971 3.728675 1.14537
7.206676 7.638817 6.564109 5.820933 4.881828 3.456153 2.024175 1.717769 1.669399 2.559762 2.36022 1.214828 2.945871 4.162428 4.865161 5.432427 5.736931 5.265724 4.043309 1.28052 0.9055399 0.4049967 1.14537 2.289826 2.289826 3.159971 2.36022 6.84045 2.714812 1.619582 4.043309 4.043309 2.064227 6.300833 1.459945 4.865161 0 0 0 0 0 0 1.14537 1.14537 0 0 0 0 0 0 0.4049967 1.459945 2.064227 2.917996 4.043309 2.428566 0.5727423 1.459945 1.28052 2.064227 2.861426 1.669399 2.917996 2.917996 1.619582
6.613028 4.60779 3.815146 5.265724 6.158285 4.712457 2.917996 8.096217 13.83048 14.86006 12.99568 14.30349 16.53969 16.08925 13.45172 9.570816 6.300833 5.651647 4.881828 0.4049967 0 0 1.14537 2.591519 2.36022 3.159971 2.289826 7.691051 2.917996 1.28052 4.865161 5.172477 2.179958 7.404401 1.28052 5.432427 0 0 0 0 0 0 1.14537 1.14537 0 0 0 0 0 0 2.024175 3.617646 5.109347 1.28052 3.728675 3.236581 2.179958 2.064227 2.861426 2.714812 2.428566 1.214828 2.591519 2.289826 1.14537
3.432456 4.881828 5.779089 5.958234 5.265724 5.311719 7.966914 7.926682 6.052439 3.836457 3.456153 7.350034 8.367576 10.5708 13.69818 13.45172 9.336611 5.491763 2.024175 0.9055399 1.14537 1.459945 1.669399 2.024175 2.024175 3.982396 5.622924 7.522564 3.261714 2.36022 5.665953 8.203953 6.933893 6.262289 2.024175 5.172477 0 0 0 0 0 0 0.809953 1.810628 2.289826 2.289826 2.289826 2.289826 2.289826 2.289826 3.662466 1.717769 5.432427 2.36022 2.024175 2.462023 2.024175 1.619582 3.335969 2.714812 2.36022 2.064227 3.432456 2.714812 1.214828
1.459945 1.214828 3.617646 5.998794 9.790964 13.81403 13.33795 6.863935 2.714812 8.776125 9.570816 11.53087 10.26199 10.21595 9.903041 10.83405 7.906484 4.60779 1.810628 1.214828 1.14537 1.669399 1.459945 0 2.024175 3.159971 2.945871 3.728675 2.559762 0.809953 1.619582 4.123109 3.617646 0.4049967 4.043309 3.456153 0 0 0 0 0 0 0.809953 1.810628 2.289826 2.289826 2.289826 2.289826 2.289826 2.289826 3.662466 3.261714 3.456153 1.810628 0.809953 1.459945 1.810628 0.5727423 3.261714 1.669399 1.669399 3.640126 4.123109 2.179958 1.28052
2.462023 3.08144 4.043309 5.417489 7.742915 9.234285 6.863935 2.462023 5.2503 5.779089 2.945871 5.061471 2.559762 4.881828 8.81227 9.156738 4.881828 3.836457 2.024175 1.14537 0 1.14537 0 1.14537 1.14537 1.28052 3.479687 5.2503 5.779089 5.820933 5.708649 5.820933 5.779089 5.2503 3.836457 1.28052 0 0 0 0 0 0 1.14537 1.14537 0 0 0 0 0 0 2.024175 1.28052 1.810628 1.28052 0.4049967 1.14537 1.459945 0.4049967 2.591519 1.810628 2.945871 4.063408 2.832714 0 3.261714
3.432456 2.024175 2.428566 3.236581 4.881828 6.052439 2.861426 3.815146 7.262163 2.917996 3.815146 2.591519 2.064227 3.617646 3.479687 3.815146 7.596759 7.565054 2.591519 1.14537 0.4049967 1.28052 0.4049967 1.14537 1.14537 1.459945 1.810628 1.14537 1.669399 1.619582 1.14537 1.619582 1.669399 1.14537 0.809953 0.4049967 0 0 0 0 0 0 1.14537 1.14537 0 0 0 0 0 0 2.289826 1.459945 1.669399 1.669399 0.9055399 1.14537 1.14537 0.4049967 2.36022 1.459945 3.432456 3.432456 1.14537 1.14537 3.432456
4.60779 2.591519 1.28052 2.024175 4.464353 7.262163 6.852203 7.139497 7.742915 2.714812 4.353622 2.591519 3.982396 4.123109 2.861426 2.36022 4.518684 1.717769 3.479687 1.14537 0.9055399 1.28052 0.9055399 1.14537 1.14537 0.9055399 2.024175 0.9055399 2.36022 3.261714 3.432456 3.261714 2.36022 0.9055399 0.4049967 0.4049967 0 0 0 0 0 0 0.9055399 1.214828 1.14537 1.14537 1.14537 1.14537 1.14537 1.14537 2.559762 2.064227 1.669399 2.024175 1.14537 0.9055399 1.214828 0.9055399 2.024175 1.14537 3.432456 3.432456 1.14537 1.14537 3.432456
2.861426 2.064227 1.619582 2.861426 4.162428 6.171384 5.779089 5.109347 5.311719 1.810628 4.162428 1.28052 2.064227 2.064227 2.024175 3.662466 5.779089 2.591519 3.261714 1.14537 1.14537 1.14537 1.14537 1.14537 1.14537 0.5727423 2.591519 2.064227 2.714812 4.002805 4.57236 4.002805 2.714812 2.024175 0.9055399 0.4049967 0 0 0 0 0 0 0.5727423 1.717769 2.289826 2.289826 2.289826 2.289826 2.289826 2.289826 3.236581 2.462023 2.462023 2.559762 1.669399 0 0.9055399 1.28052 1.669399 0.9055399 3.432456 3.432456 1.14537 1.14537 3.432456
2.832714 4.063408 1.669399 0.5727423 2.462023 5.2503 4.729672 4.063408 4.712457 0.9055399 4.57236 1.14537 2.462023 2.832714 2.559762 1.459945 4.220709 2.861426 1.669399 1.14537 1.14537 1.14537 1.14537 1.14537 1.14537 1.28052 3.836457 5.109347 4.464353 2.064227 0 0.9055399 2.179958 2.064227 0.9055399 0.4049967 0 0 0 0 0 0 0.9055399 1.214828 1.14537 1.14537 1.14537 1.14537 1.14537 1.14537 2.559762 1.619582 2.559762 2.559762 2.179958 1.14537 0.9055399 1.459945 1.669399 0.5727423 3.432456 3.432456 1.14537 1.14537 3.432456
4.063408 2.832714 3.728675 5.958234 7.565054 7.522564 3.728675 4.372275 5.432427 0.4049967 4.162428 2.591519 2.714812 2.428566 2.024175 1.214828 2.714812 1.459945 1.28052 0.809953 0.809953 1.810628 1.810628 0.809953 1.14537 2.714812 2.591519 4.123109 5.265724 4.464353 3.432456 3.617646 4.123109 4.220709 3.261714 2.064227 0 0 0 0 0 0 1.14537 1.14537 0 0 0 0 0 0 2.289826 1.14537 2.289826 2.289826 2.289826 2.024175 1.214828 1.14537 0.9055399 0.9055399 3.432456 3.432456 1.14537 1.14537 3.432456
6.46512 3.617646 7.404401 5.311719 4.996909 2.559762 3.479687 5.417489 4.043309 1.28052 1.810628 1.28052 1.459945 0.809953 1.14537 3.335969 4.123109 2.179958 1.459945 0.809953 0.809953 1.459945 1.28052 0.4049967 0.809953 3.236581 4.043309 5.109347 4.865161 2.832714 1.14537 1.669399 2.861426 2.714812 2.064227 3.479687 1.214828 2.024175 2.024175 1.459945 0.809953 1.214828 2.064227 0.5727423 2.462023 3.432456 2.714812 3.08144 3.261714 1.669399 2.179958 3.456153 2.861426 2.064227 1.717769 2.064227 2.179958 2.289826 2.024175 1.669399 2.917996 2.917996 1.669399 0.9055399 3.432456
4.881828 3.236581 9.336611 6.757586 3.728675 3.815146 5.265724 4.729672 2.024175 1.28052 0.4049967 1.14537 0 0 1.14537 2.289826 2.289826 2.289826 2.289826 1.14537 1.14537 0.4049967 1.28052 0.4049967 0.809953 3.261714 6.377202 7.048888 5.958234 4.931483 4.297171 4.353622 5.311719 5.491763 4.043309 2.945871 2.024175 1.214828 1.214828 0.9055399 1.14537 2.024175 1.669399 2.024175 4.729672 3.159971 7.426032 3.662466 3.815146 4.60779 3.479687 3.728675 2.36022 1.28052 0.5727423 1.28052 2.024175 2.289826 2.179958 1.459945 1.810628 1.810628 2.064227 1.28052 2.917996
4.220709 3.728675 7.742915 5.141011 2.064227 2.945871 4.865161 4.446093 2.36022 2.064227 0.4049967 1.14537 0 0 1.14537 2.289826 2.289826 2.289826 2.289826 1.14537 1.14537 0 1.14537 0 1.14537 3.815146 3.261714 1.459945 0.4049967 2.024175 3.261714 3.08144 1.669399 2.064227 2.714812 1.14537 1.619582 2.917996 2.917996 1.810628 0.809953 1.619582 2.832714 2.179958 5.432427 1.214828 9.104648 2.917996 6.852203 5.109347 0.809953 2.024175 0 0 0 0 0 0.4049967 1.28052 0.4049967 1.14537 1.14537 1.459945 1.214828 1.810628
2.462023 8.046744 8.6759 4.220709 0.9055399 2.024175 4.372275 3.456153 1.717769 3.08144 0.9055399 1.14537 0 0 1.14537 2.289826 2.289826 2.289826 2.289826 1.14537 1.14537 0 1.14537 0 1.14537 4.043309 2.832714 3.982396 5.958234 7.596759 7.426032 6.275164 5.172477 3.815146 1.717769 0.9055399 1.619582 2.917996 2.917996 1.619582 0.809953 1.810628 3.236581 1.14537 4.372275 2.064227 7.426032 2.179958 6.564109 3.815146 1.669399 1.459945 0 0 0 0 0 0.9055399 1.28052 0.9055399 1.14537 1.14537 1.14537 1.14537 1.14537
7.98695 10.92741 4.729672 2.559762 1.810628 2.591519 4.931483 3.261714 0.4049967 3.432456 1.14537 1.14537 0 0 1.14537 2.289826 2.289826 2.289826 2.289826 1.14537 1.14537 0 1.14537 0 1.14537 2.714812 2.591519 4.914989 6.171384 5.779089 4.865161 4.60779 4.712457 4.729672 3.640126 0.5727423 2.917996 1.619582 1.619582 2.917996 1.810628 1.619582 2.559762 1.810628 2.917996 1.619582 5.432427 1.619582 5.265724 3.159971 0.9055399 1.214828 1.14537 1.14537 1.14537 1.14537 1.14537 1.214828 0.9055399 1.14537 1.14537 1.14537 1.14537 1.14537 1.14537
11.09047 11.26477 2.36022 3.08144 3.479687 3.728675 4.881828 2.714812 1.14537 3.479687 0.9055399 1.14537 0 0.4049967 1.28052 2.024175 2.289826 2.289826 2.289826 1.14537 1.14537 0 1.14537 0 1.14537 2.024175 0.9055399 3.456153 4.063408 3.982396 3.432456 2.591519 2.179958 2.462023 3.479687 0.5727423 2.917996 1.619582 1.214828 3.159971 2.289826 1.14537 2.289826 2.591519 2.064227 1.669399 3.728675 0.9055399 4.372275 2.591519 0.4049967 0.9055399 1.14537 1.14537 1.14537 1.14537 1.14537 0.9055399 0.4049967 1.180611 1.180611 1.149339 1.14537 1.14537 1.149339
10.51132 8.367576 1.28052 4.220709 6.262289 5.265724 3.640126 1.14537 3.261714 3.662466 0.9055399 1.14537 0 0.9055399 1.28052 1.459945 2.289826 2.289826 2.289826 1.14537 1.14537 0 1.14537 0 1.14537 2.591519 1.28052 3.335969 5.265724 6.377202 5.820933 4.865161 4.297171 3.617646 2.428566 0.4049967 1.810628 1.619582 1.28052 2.36022 2.024175 1.28052 2.36022 2.917996 1.459945 2.36022 1.669399 1.28052 3.617646 2.36022 0.9055399 1.14537 1.14537 1.14537 1.14537 1.14537 1.14537 1.180611 -9999 -9999 -9999 -9999 -9999 -9999 -9999
5.387486 4.996909 7.732571 7.638817 7.649293 4.914989 2.591519 1.717769 5.387486 3.456153 2.559762 1.14537 0 1.14537 1.14537 1.14537 2.289826 2.289826 2.289826 1.14537 1.14537 0 1.14537 0 1.14537 2.064227 2.917996 2.36022 0.9055399 1.28052 2.428566 1.669399 1.14537 0.5727423 0.4049967 0.4049967 0.809953 1.810628 2.024175 1.214828 1.214828 2.36022 2.861426 2.559762 1.619582 1.810628 1.28052 2.064227 2.179958 2.289826 1.28052 1.14537 1.14537 1.14537 1.14537 1.149339 -9999 -9999 -9999 -9999 -9999 -9999 -9999 -9999 -9999
1.14537 2.179958 2.179958 2.861426 3.432456 2.428566 2.36022 3.335969 4.57236 1.214828 2.36022 2.064227 1.459945 0.809953 0.809953 1.669399 2.861426 3.261714 2.832714 2.36022 3.479687 3.728675 2.591519 1.459945 1.214828 0.809953 2.36022 3.261714 2.832714 1.459945 2.064227 2.428566 2.917996 3.815146 3.479687 2.462023 1.619582 2.917996 2.917996 1.619582 1.619582 2.917996 2.591519 1.619582 2.179958 1.28052 2.917996 2.917996 0.809953 2.024175 2.024175 0 0 0 0 -9999 -9999 -9999 -9999 -9999 -9999 -9999 -9999 -9999 -9999
1.669399 1.717769 1.669399 2.714812 4.518684 5.491763 5.141011 2.917996 1.619582 3.335969 0.9055399 2.064227 1.669399 0.809953 0.809953 1.459945 2.36022 2.179958 1.28052 1.619582 3.261714 3.815146 2.945871 1.669399 0.5727423 1.459945 1.214828 1.459945 2.024175 2.861426 3.08144 2.428566 1.619582 0.809953 0.9055399 2.945871 3.261714 2.064227 0.5727423 2.861426 3.836457 3.456153 2.945871 0.809953 2.064227 1.810628 2.714812 2.917996 1.14537 2.179958 2.591519 0 0.4049967 0.7636366 -9999 -9999 -9999 -9999 -9999 -9999 -9999 -9999 -9999 -9999 -9999
6.275164 4.162428 1.28052 1.214828 2.289826 2.917996 2.714812 2.428566 2.024175 2.36022 3.159971 1.14537 1.14537 1.14537 1.14537 0 0 0.809953 1.459945 2.945871 2.064227 1.214828 1.717769 1.28052 0.9055399 0.809953 1.28052 0.4049967 1.459945 2.714812 2.024175 0 1.810628 2.917996 2.36022 1.28052 4.518684 4.464353 2.36022 3.836457 5.622924 3.728675 4.063408 2.917996 1.28052 2.024175 1.669399 1.28052 1.717769 3.08144 3.198507 -9999 -9999 -9999 -9999 -9999 -9999 -9999 -9999 -9999 -9999 -9999 -9999 -9999 -9999
0.4049967 2.945871 2.559762 2.289826 1.214828 1.214828 1.28052 2.179958 3.08144 2.179958 3.159971 1.14537 1.14537 1.14537 1.14537 0 0 1.459945 0.9055399 2.945871 2.428566 1.14537 0.5727423 1.214828 1.669399 1.459945 1.28052 1.14537 1.14537 1.14537 1.14537 1.14537 0.4049967 1.28052 2.024175 2.861426 2.024175 3.479687 1.28052 3.815146 5.820933 1.14537 4.518684 3.261714 0 0 0 0 -9999 -9999 -9999 -9999 -9999 -9999 -9999 -9999 -9999 -9999 -9999 -9999 -9999 -9999 -9999 -9999 -9999
2.832714 1.14537 3.08144 3.08144 1.619582 1.214828 0.9055399 1.459945 2.714812 1.669399 2.591519 1.14537 1.14537 1.14537 1.14537 0 0 2.36022 2.064227 3.236581 2.832714 1.619582 0.4049967 0.4049967 0.9055399 1.214828 2.024175 1.14537 1.14537 1.14537 1.14537 1.14537 0.9055399 1.28052 2.064227 3.261714 3.456153 4.063408 2.179958 4.518684 5.820933 2.179958 4.996909 1.619582 0 -9999 -9999 -9999 -9999 -9999 -9999 -9999 -9999 -9999 -9999 -9999 -9999 -9999 -9999 -9999 -9999 -9999 -9999 -9999 -9999
2.861426 0.809953 2.591519 2.714812 1.619582 0.9055399 0.4049967 1.14537 2.024175 1.28052 2.024175 1.14537 1.14537 1.14537 1.14537 0 0 2.861426 1.717769 2.024175 2.179958 2.064227 1.28052 1.459945 2.024175 1.810628 1.810628 1.14537 1.14537 1.14537 1.14537 1.14537 1.14537 1.14537 0.9055399 2.591519 3.261714 3.236581 1.459945 4.712457 5.820933 1.44427 -9999 -9999 -9999 -9999 -9999 -9999 -9999 -9999 -9999 -9999 -9999 -9999 -9999 -9999 -9999 -9999 -9999 -9999 -9999 -9999 -9999 -9999 -9999
1.810628 1.717769 1.717769 2.064227 2.064227 1.459945 0.9055399 0.5727423 1.669399 2.179958 1.214828 1.14537 1.14537 1.14537 1.14537 0 0 2.36022 2.024175 2.024175 1.669399 0.9055399 2.024175 3.261714 3.479687 2.714812 0.9055399 1.14537 1.14537 1.14537 1.14537 1.14537 1.14537 1.14537 0.5727423 0.5727423 0.5727423 1.459945 0.5727423 -9999 -9999 -9999 -9999 -9999 -9999 -9999 -9999 -9999 -9999 -9999 -9999 -9999 -9999 -9999 -9999 -9999 -9999 -9999 -9999 -9999 -9999 -9999 -9999 -9999 -9999
4.162428 2.559762 0 2.024175 3.08144 2.559762 1.669399 1.214828 2.36022 2.289826 1.214828 1.14537 1.14537 1.14537 1.14537 0 0 1.28052 1.669399 1.669399 1.214828 0.9055399 2.832714 3.08144 1.810628 2.289826 0.4049967 1.14537 1.14537 1.14537 1.14537 1.14537 1.14537 0.9055399 0.9055399 1.409169 -9999 -9999 -9999 -9999 -9999 -9999 -9999 -9999 -9999 -9999 -9999 -9999 -9999 -9999 -9999 -9999 -9999 -9999 -9999 -9999 -9999 -9999 -9999 -9999 -9999 -9999 -9999 -9999 -9999
