Spatial simulation/Assignments/Ass6-UML of final project/BaseData/processed data/slope.asc
ncols         436
nrows         470
xllcorner     349069.70811638
yllcorner     5290392.2685143
cellsize      25.008572354949
NODATA_value  -9999
[rows 290 to 318 of 470, columns 260 to 324 of 436]
5.491763 6.052439 7.98695 2.462023 3.728675 0.9055399 3.617646 2.462023 2.714812 5.265724 5.779089 5.387486 3.479687 3.640126 5.265724 4.518684 5.109347 0.809953 1.214828 1.619582 1.214828 1.14537 0.4049967 0.809953 1.14537 1.14537 1.14537 1.14537 1.14537 1.459945 3.335969 2.462023 2.559762 2.462023 1.810628 1.459945 1.14537 1.669399 2.064227 2.832714 2.917996 4.043309 3.08144 2.714812 2.832714 2.36022 2.289826 2.861426 3.261714 1.459945 4.729672 12.23438 23.74771 11.61138 8.135568 5.651647 20.68458 15.53239 22.91678 6.105598 32.28324 13.51382 9.863172 16.8159 31.21455
8.291001 7.814919 4.063408 0.809953 1.28052 3.335969 2.179958 3.836457 5.311719 4.162428 1.717769 2.289826 4.712457 3.08144 1.28052 1.810628 1.459945 2.179958 2.36022 2.179958 2.064227 2.591519 3.261714 2.179958 1.14537 1.14537 1.14537 1.14537 1.14537 1.28052 1.717769 2.462023 2.462023 1.14537 1.459945 1.810628 2.024175 2.36022 2.559762 0.5727423 4.729672 5.265724 2.917996 0.809953 1.810628 3.159971 3.432456 4.220709 4.914989 3.261714 7.037477 20.13378 22.90528 1.214828 10.42141 21.70798 35.5243 22.52414 6.613028 19.0191 28.52835 7.393561 4.996909 4.914989 9.446124
0.9055399 1.14537 1.669399 2.714812 4.002805 5.2503 4.865161 4.914989 1.669399 4.043309 5.779089 6.514809 6.052439 5.061471 4.043309 3.728675 2.559762 1.214828 1.619582 1.810628 2.064227 2.861426 2.861426 2.714812 0 0 0 0 0 0.4049967 0.809953 0.4049967 0.4049967 0.9055399 0.9055399 0.4049967 0.5727423 0.4049967 1.28052 3.728675 4.220709 1.459945 1.214828 0.9055399 0.9055399 0.9055399 1.14537 3.728675 4.518684 6.649473 9.370454 18.51686 16.67631 32.43155 36.48454 42.4798 41.82633 29.11538 18.98194 13.76452 12.00499 10.88443 6.377202 0.809953 13.13614
1.619582 2.024175 2.559762 3.261714 3.617646 4.220709 2.559762 1.14537 2.462023 4.518684 4.729672 3.335969 0.9055399 4.518684 2.917996 0.809953 2.861426 0.9055399 2.179958 0.9055399 1.459945 2.714812 2.714812 3.728675 0 0 0 0 0 0 1.28052 1.459945 1.28052 0.4049967 2.462023 3.479687 4.57236 5.736931 6.564109 4.712457 1.14537 2.36022 2.559762 2.179958 2.064227 2.179958 2.289826 2.024175 1.28052 3.479687 9.628412 5.708649 26.39601 36.21198 39.27618 44.09869 32.19393 28.97552 29.33751 16.41509 4.446093 14.66195 16.75065 10.88443 15.62291
2.024175 1.214828 1.619582 2.559762 2.462023 4.002805 7.98695 8.848258 7.522564 6.262289 2.861426 0.9055399 2.861426 5.491763 2.024175 2.559762 4.464353 2.861426 3.662466 2.945871 2.832714 3.456153 2.714812 3.728675 0 0 0 0 0 0 1.459945 3.728675 4.043309 2.917996 1.619582 0.809953 1.459945 2.36022 3.159971 3.617646 3.617646 3.479687 3.261714 2.591519 2.179958 1.669399 1.14537 4.123109 7.732571 10.02162 8.452847 7.490531 21.81931 20.55126 25.87643 28.56693 12.6002 34.77411 37.70081 20.06133 16.01574 9.537736 14.03162 14.37182 19.19251
2.024175 1.214828 1.619582 2.559762 2.714812 4.518684 5.876249 6.852203 8.056664 9.174031 4.881828 0.809953 2.559762 5.876249 1.810628 1.669399 4.063408 2.289826 3.236581 2.861426 3.261714 4.446093 2.945871 2.714812 0 0 0 0 0 0 1.810628 2.024175 1.28052 0.5727423 1.669399 3.261714 4.60779 5.432427 5.998794 5.736931 4.297171 2.861426 1.717769 1.14537 0.9055399 0.4049967 0 4.865161 7.596759 7.691051 8.527884 5.265724 20.4808 20.25376 27.3205 33.65884 24.56339 39.06924 37.24089 15.64663 11.66472 12.35975 13.18258 2.861426 15.62291
1.459945 0.9055399 1.619582 2.559762 2.945871 5.665953 7.77386 7.490531 6.46512 7.128236 5.665953 6.052439 6.377202 7.350034 4.372275 0.4049967 3.836457 4.865161 5.2503 4.162428 3.08144 2.462023 0.9055399 1.717769 0 0 0 0 0 0 1.810628 4.865161 5.736931 4.60779 3.261714 1.669399 0.5727423 0.9055399 1.459945 1.28052 0.4049967 1.214828 0.9055399 0 0.4049967 0.5727423 0.4049967 4.865161 9.471204 8.046744 5.2503 1.810628 16.28932 18.70014 18.68875 38.51868 48.68782 44.96868 20.6214 13.89064 13.13614 7.037477 10.65935 8.086349 11.44293
1.214828 0.9055399 1.28052 2.064227 2.945871 7.262163 12.96029 12.91887 6.863935 1.459945 4.865161 7.98695 10.44397 12.66102 10.21595 7.404401 3.456153 5.820933 5.820933 4.297171 2.591519 0.9055399 1.459945 1.459945 0 0 0 0 0 0 2.179958 3.261714 2.917996 1.810628 0.809953 1.619582 2.917996 3.432456 4.043309 4.353622 3.261714 0.9055399 1.14537 0 0.9055399 0.9055399 1.28052 7.173168 3.261714 6.145157 4.712457 3.640126 10.77616 20.24352 21.11316 35.08409 36.4883 28.37725 20.75079 10.05299 17.29353 17.62485 9.83115 16.44635 19.24743
0.9055399 1.28052 1.669399 2.591519 4.002805 4.063408 1.669399 6.564109 5.2503 2.024175 1.14537 4.043309 6.852203 10.21595 7.742915 7.404401 5.417489 2.024175 0 2.861426 4.220709 4.931483 4.043309 1.459945 0 0 0 0 0 0 2.064227 5.265724 6.300833 4.865161 3.479687 2.861426 1.669399 1.459945 2.064227 2.945871 4.162428 0.9055399 1.28052 0.9055399 1.619582 1.669399 2.591519 7.659755 9.025909 9.83115 6.052439 8.145374 2.179958 15.48929 8.919771 19.28392 18.24922 10.21595 18.48608 27.75009 28.45094 14.6773 13.29213 19.9363 11.28548
3.728675 2.064227 4.002805 3.08144 0.9055399 3.479687 6.313628 5.708649 1.459945 3.662466 5.109347 5.491763 6.564109 8.546535 8.056664 2.36022 9.471204 4.220709 2.861426 3.815146 2.714812 1.619582 0.9055399 1.14537 0.9055399 1.459945 1.717769 1.214828 1.214828 2.024175 2.591519 4.518684 5.172477 3.982396 2.36022 0.9055399 0.9055399 2.024175 2.714812 3.236581 2.917996 0.9055399 1.619582 1.669399 2.064227 2.064227 2.861426 5.172477 7.048888 1.810628 5.311719 5.417489 4.162428 4.353622 3.08144 5.387486 12.1521 12.00499 7.206676 11.97274 8.291001 23.53366 15.04021 14.36658 27.62604
9.661159 7.393561 2.861426 4.881828 4.729672 2.714812 1.28052 4.57236 6.052439 5.622924 2.179958 1.14537 2.917996 4.297171 13.41203 9.92688 16.08925 4.914989 3.236581 3.261714 1.810628 1.669399 1.28052 0.809953 2.179958 2.36022 2.024175 2.714812 2.714812 2.179958 4.914989 5.665953 3.479687 2.462023 0.809953 0.9055399 1.669399 1.810628 2.861426 2.36022 0.4049967 2.559762 3.08144 2.36022 0.9055399 0.9055399 3.728675 7.404401 10.04516 9.537736 7.139497 6.313628 6.158285 4.60779 4.518684 9.512845 4.353622 8.546535 30.1089 42.57135 36.10344 13.24037 16.72883 16.23052 33.43542
8.981848 12.11392 5.665953 5.622924 5.432427 0.4049967 1.717769 1.14537 1.14537 1.14537 1.14537 1.14537 0 1.14537 14.90032 8.6759 19.91187 19.63686 16.97554 11.61138 6.613028 3.728675 2.36022 2.024175 1.619582 0.9055399 0.809953 3.261714 3.617646 1.619582 2.024175 4.043309 3.479687 2.024175 0.809953 1.14537 1.717769 1.14537 0.5727423 0.5727423 1.14537 1.459945 1.214828 1.459945 2.179958 2.714812 4.518684 5.622924 5.109347 4.123109 2.945871 2.179958 15.9047 8.291001 17.5304 7.814919 12.47755 15.04021 20.13034 3.815146 25.35207 31.20764 10.09205 36.90319 28.54055
3.159971 10.63729 7.742915 5.109347 2.36022 1.717769 1.214828 1.14537 1.14537 1.14537 1.14537 1.14537 0 1.14537 12.23438 13.94506 1.28052 11.31304 12.1521 10.05299 5.876249 2.024175 0.9055399 1.28052 1.214828 1.14537 0.9055399 2.289826 3.261714 1.619582 1.28052 1.669399 1.28052 1.28052 0.9055399 1.14537 2.024175 1.669399 1.28052 1.214828 1.214828 2.289826 4.002805 4.297171 3.479687 2.024175 2.024175 7.691051 10.51132 9.268529 2.945871 3.261714 24.98527 13.24613 28.59125 0.9055399 5.665953 8.81227 21.35957 27.47073 13.7148 20.51104 27.34891 36.90319 17.3771
3.836457 5.265724 6.105598 4.60779 2.559762 1.810628 1.619582 1.14537 1.14537 1.14537 1.14537 1.14537 0 1.14537 4.353622 14.2771 14.2771 7.426032 8.086349 9.156738 7.404401 3.662466 2.064227 1.619582 1.717769 2.591519 3.159971 3.08144 2.462023 0.4049967 2.064227 2.179958 1.669399 1.214828 0.4049967 1.14537 2.289826 2.024175 0 2.462023 2.024175 2.064227 1.14537 0.9055399 0.9055399 0.9055399 3.479687 2.945871 1.669399 7.906484 8.657545 8.81227 34.30421 5.958234 38.65241 6.649473 15.56105 17.38127 15.96033 16.69822 35.68683 40.85056 31.59035 14.87518 25.3422
3.261714 2.024175 2.179958 4.518684 6.757586 2.36022 2.591519 1.14537 1.14537 1.14537 1.14537 1.14537 0 1.14537 2.591519 6.105598 15.34943 16.43296 14.51256 8.981848 2.36022 5.265724 5.141011 1.669399 1.619582 2.559762 3.261714 3.159971 2.024175 1.717769 2.462023 1.459945 0.9055399 0.4049967 0.4049967 1.669399 2.559762 2.559762 1.717769 3.836457 1.810628 2.462023 2.428566 1.619582 0 1.28052 4.353622 8.046744 9.104648 4.043309 11.85583 18.38172 43.18958 9.242859 47.20382 11.61138 26.20983 12.41571 7.426032 9.693786 31.84342 5.736931 28.3957 31.4683 22.52414
2.559762 2.462023 2.289826 1.810628 7.936759 4.162428 2.591519 1.14537 1.14537 1.14537 1.14537 1.14537 0 1.14537 2.36022 1.28052 3.261714 5.172477 5.708649 4.464353 5.491763 7.742915 8.016906 5.779089 2.179958 2.024175 1.459945 0.5727423 1.14537 2.917996 2.024175 0.4049967 0.9055399 0.9055399 1.14537 2.179958 2.559762 2.559762 2.945871 4.220709 2.179958 1.619582 1.14537 2.024175 2.462023 4.162428 5.491763 5.141011 4.043309 6.852203 11.31991 22.60345 48.42035 19.10422 50.45252 16.43296 17.88435 11.36793 10.7689 13.8688 27.68176 28.39775 40.57532 10.44397 44.60181
7.404401 3.236581 4.712457 0.809953 8.046744 4.931483 2.024175 1.14537 1.14537 1.14537 1.14537 1.14537 0 1.14537 1.717769 3.08144 9.537736 11.52413 8.281377 2.462023 7.251101 9.512845 7.206676 3.432456 4.063408 3.640126 2.832714 2.024175 3.662466 3.662466 2.064227 1.28052 1.28052 1.214828 2.024175 2.289826 2.289826 2.289826 1.619582 4.123109 4.002805 2.591519 1.14537 2.36022 4.162428 3.662466 2.36022 2.289826 3.261714 5.172477 8.848258 17.4974 54.00376 27.7181 52.32403 10.83405 3.261714 7.206676 6.649473 11.86888 13.22306 23.58882 16.61038 34.55143 33.4957
8.096217 1.669399 5.265724 4.518684 5.665953 9.060994 2.064227 2.714812 1.28052 3.728675 3.728675 1.459945 1.214828 2.36022 2.179958 4.162428 6.145157 4.063408 5.491763 3.662466 5.172477 7.98695 7.262163 3.662466 5.876249 3.159971 1.669399 1.14537 2.591519 1.717769 0.5727423 1.28052 1.28052 1.214828 1.717769 2.179958 2.714812 2.591519 0.809953 1.810628 2.179958 2.064227 0.809953 2.714812 5.061471 4.60779 2.861426 6.300833 6.105598 5.417489 8.919771 8.518543 55.80451 13.5812 55.121 12.65496 1.459945 2.024175 6.887336 11.99855 6.863935 6.052439 2.064227 41.06033 9.661159
3.640126 7.037477 1.28052 7.77386 2.714812 10.63729 7.77386 1.459945 2.832714 2.179958 1.810628 3.261714 3.261714 2.064227 2.064227 3.335969 5.779089 7.596759 5.876249 2.462023 0.9055399 3.261714 11.63142 3.662466 9.025909 3.640126 0.9055399 1.459945 2.064227 3.261714 2.36022 2.179958 1.669399 0.9055399 0.5727423 1.669399 3.08144 3.08144 1.619582 0.9055399 0.5727423 2.024175 2.861426 4.063408 5.109347 4.162428 1.669399 7.691051 10.05299 9.701924 3.08144 46.34969 53.84611 33.29593 51.87668 5.998794 6.673656 3.836457 8.367576 15.54673 15.06503 6.709759 9.83115 35.96447 22.03959
4.372275 5.608506 3.335969 5.172477 6.502424 2.917996 10.60041 8.452847 5.109347 8.893025 6.46512 0.809953 5.417489 2.917996 1.619582 2.861426 2.462023 5.141011 5.779089 3.236581 2.861426 6.313628 10.02162 5.708649 10.30019 2.591519 3.159971 2.36022 0.5727423 2.36022 0.4049967 0.9055399 1.214828 1.14537 1.14537 1.619582 2.714812 2.289826 1.214828 1.214828 0.5727423 1.459945 2.714812 2.861426 3.261714 2.559762 4.297171 2.591519 11.44972 9.156738 9.63661 57.43582 31.72491 56.7099 35.25513 3.261714 3.982396 11.61138 8.203953 5.665953 8.893025 14.88021 25.9408 20.08897 25.24563
7.173168 4.297171 0.809953 0.4049967 4.865161 7.262163 0.809953 11.90795 10.44397 4.162428 5.491763 5.820933 4.043309 2.428566 3.432456 3.662466 3.617646 0.809953 2.714812 3.728675 4.60779 5.958234 9.39575 6.502424 7.037477 2.179958 4.931483 2.945871 2.024175 2.179958 1.14537 1.459945 2.024175 2.024175 1.717769 2.462023 3.236581 2.462023 1.14537 0.9055399 1.14537 1.14537 1.14537 1.14537 2.289826 1.14537 3.617646 10.48145 5.665953 10.63729 13.33795 52.5304 52.51374 51.77695 20.46734 7.732571 2.591519 13.83048 6.564109 4.372275 0.809953 1.28052 30.87945 19.46865 9.362005
5.141011 6.46512 3.08144 2.714812 2.36022 5.311719 7.295244 2.179958 12.66102 12.37844 4.162428 5.708649 4.865161 2.462023 4.372275 4.372275 0.9055399 3.08144 3.836457 1.214828 4.464353 4.063408 5.998794 4.729672 4.60779 5.109347 8.527884 6.649473 5.665953 0.9055399 1.669399 2.289826 2.024175 1.669399 1.459945 2.428566 2.462023 2.024175 1.669399 0.5727423 1.14537 1.14537 1.14537 1.14537 2.289826 1.14537 3.261714 8.60223 8.291001 15.53239 19.50819 17.79164 26.40989 27.11582 13.50255 8.135568 2.462023 9.958569 5.651647 4.996909 3.159971 3.617646 21.30551 16.83325 8.291001
1.669399 5.779089 6.649473 0.809953 4.518684 2.179958 4.372275 6.933893 0.9055399 9.790964 10.5708 2.024175 6.613028 4.865161 2.462023 1.214828 3.479687 2.179958 0.9055399 1.14537 1.717769 2.917996 1.717769 4.220709 2.714812 7.490531 8.981848 5.311719 6.673656 2.064227 2.024175 0 0.5727423 1.14537 0.5727423 1.717769 1.717769 1.717769 1.14537 0.5727423 1.14537 1.14537 1.14537 1.14537 2.289826 1.14537 0.9055399 3.261714 11.69129 18.51686 12.30977 7.128236 7.98695 5.387486 7.732571 9.165389 5.708649 7.251101 6.649473 2.917996 0.809953 1.14537 13.03683 38.01874 29.98653
3.159971 2.861426 8.291001 6.613028 5.061471 6.065773 3.236581 5.998794 2.36022 8.145374 9.958569 3.640126 6.313628 5.491763 2.024175 1.717769 3.479687 2.024175 1.810628 1.28052 1.459945 0 2.064227 4.518684 2.945871 8.291001 9.766768 6.052439 7.522564 2.179958 1.214828 2.289826 2.024175 1.669399 1.459945 2.428566 2.462023 2.024175 1.669399 0.5727423 1.459945 1.28052 0.9055399 1.14537 2.289826 1.14537 1.459945 4.914989 17.29353 13.22306 21.81006 19.0191 8.291001 9.404165 6.613028 7.966914 3.335969 6.300833 10.26964 9.701924 11.36108 16.53969 13.45172 40.58785 28.05411
3.728675 0.809953 8.848258 11.0623 3.159971 6.46512 3.159971 2.36022 3.836457 5.998794 6.158285 5.061471 5.265724 2.861426 3.479687 2.591519 2.024175 5.172477 5.265724 3.335969 1.214828 2.861426 4.446093 5.665953 3.815146 7.295244 10.09205 7.522564 8.046744 4.123109 2.289826 2.024175 2.289826 2.024175 1.717769 2.462023 3.236581 2.462023 1.14537 0.9055399 2.024175 1.28052 0.4049967 1.14537 2.289826 1.14537 2.714812 6.158285 21.05174 8.135568 28.63775 3.815146 12.30977 6.933893 5.708649 8.086349 2.024175 8.291001 11.20236 12.65496 15.97421 24.74116 28.83845 1.669399 37.04879
1.810628 3.728675 6.313628 9.918941 7.262163 5.608506 9.766768 6.275164 8.518543 4.865161 3.479687 6.933893 3.456153 1.669399 2.591519 3.261714 3.08144 0.4049967 1.717769 3.432456 3.159971 0.5727423 2.179958 7.206676 9.92688 10.92741 7.814919 5.417489 4.865161 4.043309 3.728675 0.5727423 0 0.4049967 0.9055399 1.619582 2.179958 1.459945 0.4049967 1.28052 2.591519 1.14537 0 1.14537 2.289826 1.14537 2.559762 5.876249 15.96033 6.757586 19.29121 10.02947 12.72755 2.024175 2.917996 4.043309 2.179958 11.86888 5.265724 12.13303 15.83015 20.06133 12.76968 22.04263 13.1245
2.861426 3.982396 1.28052 4.518684 12.72755 9.710055 7.173168 13.22306 5.958234 5.417489 5.998794 2.428566 6.564109 4.043309 2.917996 3.662466 4.914989 4.60779 4.162428 2.832714 2.36022 1.459945 4.063408 6.313628 9.025909 9.512845 5.958234 7.742915 4.518684 4.063408 2.36022 0.9055399 1.14537 1.669399 2.179958 2.559762 2.462023 1.28052 0.5727423 1.28052 3.159971 1.14537 0.4049967 1.669399 2.179958 0.9055399 0.9055399 3.456153 4.162428 7.139497 5.820933 7.742915 9.025909 1.669399 4.57236 6.502424 2.462023 11.11155 13.65375 23.39492 24.13548 23.16472 21.21605 19.22549 7.98695
4.043309 6.933893 4.297171 8.252433 7.262163 11.36793 9.903041 8.60223 9.311143 2.917996 6.863935 5.141011 7.742915 3.982396 2.024175 2.179958 2.36022 0.9055399 0.4049967 0.9055399 1.669399 1.669399 3.261714 5.779089 6.673656 7.814919 9.268529 8.046744 1.669399 2.36022 0.9055399 0 0 1.14537 1.14537 1.14537 1.14537 0 1.14537 0.9055399 3.261714 1.619582 1.214828 1.810628 1.619582 2.024175 2.36022 2.064227 1.214828 3.456153 4.043309 4.063408 5.417489 2.064227 0.9055399 1.14537 5.061471 5.311719 12.94847 17.61666 20.24352 13.05442 10.51132 8.203953 7.691051
6.852203 10.21595 8.145374 10.21595 8.657545 7.393561 9.537736 5.061471 10.92741 11.44293 2.024175 4.914989 4.712457 3.335969 4.914989 5.2503 4.353622 3.617646 3.159971 2.36022 1.810628 2.945871 0.9055399 3.261714 5.736931 7.404401 7.404401 3.982396 2.36022 2.36022 0.4049967 0 0.4049967 1.28052 0.9055399 1.14537 1.14537 0 1.14537 0.4049967 2.559762 2.179958 2.714812 3.617646 4.57236 5.432427 6.377202 7.173168 7.128236 6.564109 6.275164 5.958234 5.311719 3.728675 3.261714 2.179958 4.464353 7.048888 2.428566 21.3564 22.01527 5.141011 2.462023 8.60223 7.966914
