Spatial simulation/Assignments/Ass6-UML of final project/BaseData/processed data/slope.asc
ncols         436
nrows         470
xllcorner     349069.70811638
yllcorner     5290392.2685143
cellsize      25.008572354949
NODATA_value  -9999
[rows 319 to 347 of 470, columns 325 to 389 of 436]
5.708649 12.6002 18.36231 15.15889 6.899006 17.3771 13.17099 5.109347 13.76452 19.85587 21.29595 24.17534 31.41377 37.506 41.35454 32.23134 11.61138 4.220709 7.814919 7.128236 14.61063 11.9792 21.79464 8.367576 6.275164 4.518684 1.459945 7.596759 9.918941 8.135568 5.779089 7.732571 10.20055 4.220709 2.714812 2.024175 5.265724 3.728675 8.81227 9.156738 4.996909 4.931483 2.462023 4.60779 1.459945 7.262163 10.60041 9.242859 12.70944 19.29121 29.2424 34.82272 30.7449 18.13127 4.043309 16.94548 16.5264 19.87067 -9999 -9999 -9999 -9999 25.51273 8.252433 42.60174
0.9055399 2.179958 7.814919 21.03554 21.96956 15.79271 14.42935 22.35536 25.9622 6.300833 25.8118 36.39798 40.09439 42.11835 39.49697 32.01714 19.11897 4.123109 7.814919 9.025909 1.669399 16.94548 19.47944 13.50255 10.88443 8.527884 8.657545 7.404401 2.024175 6.300833 12.11392 10.98443 7.173168 5.417489 2.428566 4.162428 6.564109 14.82473 12.06279 3.982396 12.31603 8.848258 6.502424 5.172477 4.297171 3.617646 8.443417 5.387486 2.064227 3.617646 10.09205 11.95981 10.239 7.128236 8.518543 7.814919 7.404401 32.02619 -9999 -9999 -9999 -9999 -9999 -9999 -9999
2.179958 5.265724 10.3988 24.35218 22.60345 24.67698 37.98689 32.19393 25.02308 26.65771 33.59767 17.00981 18.15888 20.1441 16.16235 30.46525 19.90488 7.742915 7.906484 10.20055 14.2771 21.97262 19.52254 14.20291 13.33795 11.11856 9.362005 6.564109 6.377202 8.281377 8.291001 13.1245 10.33824 5.665953 2.591519 7.404401 16.80288 19.34213 16.20329 15.64663 5.491763 4.518684 8.919771 7.173168 4.996909 4.865161 4.220709 4.043309 10.48145 11.86888 8.145374 2.591519 0.9055399 0.9055399 2.917996 3.815146 3.479687 41.31131 -9999 -9999 -9999 -9999 -9999 -9999 -9999
10.44397 9.471204 8.203953 19.49742 24.00459 34.35139 33.98909 6.863935 14.32455 32.37529 32.94504 16.20329 22.38213 34.95255 36.12265 32.01714 13.18258 11.86888 3.236581 22.95121 21.64578 15.04021 7.262163 6.313628 4.848435 0.5727423 3.662466 5.141011 10.14645 14.78424 11.90795 8.657545 7.350034 9.758688 2.428566 13.22306 13.53632 8.203953 17.62485 20.43027 5.779089 6.262289 11.00573 9.537736 6.852203 9.471204 12.50834 12.72755 9.156738 2.945871 4.712457 5.265724 3.728675 6.709759 13.98301 22.28374 18.57438 33.38704 -9999 -9999 -9999 -9999 -9999 -9999 -9999
12.45285 15.34943 8.6759 11.66472 11.25785 17.38127 30.18815 23.01985 13.67043 15.66084 30.16423 24.3653 21.37226 26.32876 26.33805 17.0781 6.887336 12.20913 15.01534 27.41428 14.66195 1.459945 9.903041 12.13303 8.291001 4.914989 4.220709 2.064227 2.559762 9.156738 10.92026 9.087214 8.396101 6.863935 8.919771 17.38127 8.016906 3.456153 14.61578 15.56105 10.65935 9.570816 10.44397 8.776125 3.728675 5.958234 10.60041 12.66102 16.91105 12.84154 14.29821 17.04827 12.51449 2.36022 7.037477 17.71053 7.77386 22.16366 -9999 -9999 -9999 -9999 -9999 -9999 -9999
7.295244 6.452636 19.74323 14.73852 2.428566 9.766768 9.693786 7.295244 14.86006 26.2729 29.65002 24.96254 25.87643 24.28115 25.02056 20.4808 9.311143 7.404401 21.90535 10.42141 30.7449 27.42515 9.174031 3.662466 2.024175 4.60779 3.456153 3.335969 3.640126 0 3.662466 2.861426 2.36022 2.714812 14.9204 16.21691 0.9055399 11.97274 8.481068 6.065773 9.39575 5.708649 5.779089 6.052439 1.214828 8.527884 21.25765 27.25036 33.33699 34.79635 37.46251 38.2186 39.0064 42.61944 48.59097 47.17381 39.06073 33.45504 33.45738 -9999 -9999 -9999 -9999 -9999 -9999
0 19.11897 24.93218 2.861426 17.4187 17.02692 13.13614 4.464353 12.85347 31.33849 34.71279 29.22877 23.61358 24.87893 21.05174 24.00727 24.31012 14.93544 9.242859 28.90215 32.97612 33.88367 22.37916 10.48145 8.203953 3.08144 8.145374 5.387486 2.36022 5.2503 1.810628 5.417489 8.629934 13.45172 13.51945 8.60223 4.60779 11.0623 0.4049967 11.30616 26.15121 38.78934 36.27168 21.60834 28.45094 42.43893 47.28616 45.97118 43.76893 33.91888 28.62159 25.75173 24.96254 25.49943 25.98832 16.5574 12.74562 19.3385 30.78751 -9999 -9999 -9999 -9999 -9999 -9999
13.15358 18.65454 8.281377 16.01574 20.59138 11.20236 9.242859 12.00499 19.75383 36.68226 29.80126 32.31883 27.81177 23.76405 16.43296 19.83833 26.70773 29.84074 25.49698 35.05131 9.104648 28.33206 31.61904 21.85931 5.311719 10.05299 2.559762 9.362005 18.85111 24.24155 24.48028 14.73343 10.98443 8.81227 3.479687 4.60779 7.490531 5.958234 2.714812 18.43979 32.53554 35.24432 37.80826 31.77843 41.24326 42.50019 25.21331 7.659755 26.20749 16.01574 15.393 18.80222 26.06643 38.03805 49.47906 49.73579 36.53327 29.88573 29.25991 -9999 -9999 -9999 -9999 -9999 -9999
12.99568 7.77386 14.88021 8.981848 19.82428 21.09379 24.3653 21.04202 15.58488 24.74116 20.7739 25.31254 22.35536 21.1679 14.28238 28.41823 24.01531 28.72234 31.18689 14.73343 13.3608 16.70259 24.178 24.3443 28.13965 21.3564 9.570816 14.29821 20.40663 16.24864 18.13127 17.06106 11.20236 7.206676 10.20055 13.72034 9.104648 15.13919 31.26114 37.47663 33.25782 19.24743 19.68305 22.14254 23.23808 40.89973 50.11855 49.54346 41.48592 30.71644 27.7181 29.30264 29.30457 22.35834 17.29353 13.98301 19.82428 30.98821 -9999 -9999 -9999 -9999 -9999 -9999 -9999
10.5708 26.32876 29.6196 20.66797 30.13843 20.79039 12.6002 20.39987 22.28674 14.21885 7.659755 6.852203 16.97125 11.82312 11.58461 17.90041 25.24563 10.51132 22.66487 21.40079 2.945871 24.52189 17.4187 19.19251 36.39798 49.11035 57.62587 57.40691 46.87197 30.59491 27.91968 36.14311 38.21748 36.31221 30.66115 22.34047 9.336611 13.3665 22.22382 10.05299 21.99396 35.15897 35.52961 31.21455 30.96211 35.74719 32.75101 23.87261 18.52838 17.31447 21.21605 22.98271 19.34939 9.628412 11.09047 19.11529 16.8159 -9999 -9999 -9999 -9999 -9999 -9999 -9999 -9999
21.24486 29.37424 29.02293 31.21455 34.61195 23.23808 8.291001 17.72679 24.45943 10.239 21.40079 21.70798 6.377202 0.4049967 6.262289 13.03683 5.2503 13.53632 18.3312 28.59125 13.3665 33.57972 29.86138 53.0062 53.84283 49.40344 33.70495 17.4187 33.69752 27.43384 22.87363 21.5112 13.29213 5.998794 16.5264 25.67451 15.07989 14.29821 30.35642 39.86485 42.15228 43.07647 42.45256 35.28885 20.75079 14.21885 19.17416 16.92397 9.025909 7.596759 8.367576 3.662466 5.958234 22.68529 28.45094 33.93719 -9999 -9999 -9999 -9999 -9999 -9999 -9999 -9999 -9999
25.20086 29.39547 8.629934 28.01641 38.12294 43.59964 46.86382 43.99778 33.21044 20.69784 13.98301 19.11897 21.35957 2.179958 3.836457 12.75164 16.88948 13.1245 21.03554 6.757586 39.57433 2.917996 46.72076 25.40134 31.23527 47.67227 57.36887 58.50327 53.59447 41.16831 34.87533 33.25935 29.52228 24.52189 26.97571 23.35027 6.95705 4.914989 11.95981 10.81239 3.728675 4.123109 6.158285 9.512845 12.89513 27.23058 10.1154 14.03162 12.03072 13.22306 17.3771 18.28832 22.68529 32.54192 30.34509 -9999 -9999 -9999 -9999 -9999 -9999 -9999 -9999 -9999 -9999
12.13303 35.24432 32.94038 15.48929 39.69119 43.51109 38.86706 32.75731 21.40712 18.76072 25.52142 7.966914 31.12447 19.6795 21.85009 24.19656 18.56289 20.86926 14.90534 32.30266 4.353622 43.43156 3.728675 50.69225 58.11428 55.9586 45.80443 24.80764 5.265724 14.70284 22.39995 25.25308 18.65454 8.252433 18.15888 16.09383 9.710055 16.61038 16.93688 13.03683 6.377202 5.779089 1.619582 1.459945 5.958234 20.04749 17.74709 8.046744 10.33824 3.836457 15.10463 22.34047 23.48385 27.09144 -9999 -9999 -9999 -9999 -9999 -9999 -9999 -9999 -9999 -9999 -9999
11.44293 8.776125 33.6156 33.54976 11.50389 21.1679 28.07919 33.77756 39.42234 37.89554 27.45338 22.96267 25.54094 8.657545 5.779089 10.21595 11.30616 16.8159 9.404165 37.14153 48.52287 13.03683 48.70754 30.53021 5.622924 13.24613 16.5574 9.903041 11.99855 10.14645 10.73981 12.70944 2.024175 4.914989 16.43296 17.1799 15.78803 20.25376 18.7796 13.49692 4.372275 4.865161 4.043309 1.669399 2.591519 11.64475 17.96847 16.73756 18.57438 18.80222 12.30977 5.109347 6.313628 19.53728 -9999 -9999 -9999 -9999 -9999 -9999 -9999 -9999 -9999 -9999 -9999
14.03162 10.3988 27.8457 35.5243 37.64157 25.43083 4.123109 16.71572 29.55287 47.97856 42.97237 34.45385 21.89615 6.852203 21.25445 22.04263 13.76452 15.07989 23.61358 25.32243 24.92205 49.4325 39.23417 2.289826 5.387486 10.53367 19.11897 24.43856 13.1245 6.757586 13.60357 12.89513 11.66472 10.77616 8.848258 7.206676 4.464353 7.262163 14.06392 13.24613 9.701924 6.84045 6.300833 0 5.998794 3.982396 8.481068 6.171384 10.41388 26.25424 26.65998 20.82988 12.6002 -9999 -9999 -9999 -9999 -9999 -9999 -9999 -9999 -9999 -9999 -9999 -9999
7.350034 11.90795 24.76164 20.10622 32.26379 45.11568 39.25414 41.80411 45.34386 40.43291 16.91105 1.810628 17.97246 7.262163 20.51104 15.1933 35.73016 41.71848 39.17517 48.86429 49.17816 35.82038 1.28052 17.04827 19.17784 18.04812 12.03072 17.31447 18.53606 26.68728 30.3291 23.08819 26.2799 30.97088 27.00917 24.09019 25.67451 21.72039 13.78655 8.046744 14.66195 14.16032 2.591519 8.546535 2.024175 15.393 14.73852 9.104648 29.67848 39.40154 21.94819 12.30977 18.67186 -9999 -9999 -9999 -9999 -9999 -9999 -9999 -9999 -9999 -9999 -9999 -9999
7.037477 8.6759 22.81303 2.428566 10.60041 28.29706 30.29078 25.21082 30.22487 33.82922 25.14599 12.45903 19.3385 21.24806 23.87261 38.72429 42.36628 34.73512 20.32529 18.39336 8.056664 6.564109 19.47944 14.9204 15.75987 19.17416 16.08925 17.74709 22.96267 30.56439 25.56531 18.65454 18.23746 23.23808 20.59138 7.037477 6.502424 13.85239 12.70944 2.024175 6.863935 17.84412 24.10086 21.81931 21.47659 17.71459 15.37365 16.20329 34.16186 21.85009 20.7111 28.12982 -9999 -9999 -9999 -9999 -9999 -9999 -9999 -9999 -9999 -9999 -9999 -9999 -9999
7.426032 6.933893 14.16032 17.31447 10.21595 15.87213 29.30457 23.03126 23.36982 15.72223 15.37365 5.998794 23.01129 3.728675 14.53327 28.70425 18.07589 19.55478 26.97571 22.21481 13.05442 17.31447 22.31959 19.99547 15.04021 1.459945 3.617646 8.135568 21.35957 19.82779 13.81403 29.41475 33.16599 33.53026 24.11419 16.45527 24.36792 25.85013 13.68154 4.353622 2.289826 19.59409 33.74055 40.54443 39.01814 33.6156 27.29642 19.86288 25.67209 8.291001 15.28163 -9999 -9999 -9999 -9999 -9999 -9999 -9999 -9999 -9999 -9999 -9999 -9999 -9999 -9999
6.46512 11.31991 17.43116 8.893025 4.865161 23.75588 31.59204 43.94245 26.97347 16.23052 19.86288 29.98653 19.58338 8.145374 3.335969 18.80222 12.13303 18.0362 9.165389 7.251101 6.105598 13.51382 13.50255 10.77616 3.261714 13.05442 18.02825 19.82076 13.49692 6.300833 27.91335 25.57991 11.66472 11.42933 30.51579 40.59845 41.53127 38.41818 44.40698 51.07537 53.96815 55.0808 50.49605 44.17165 38.3549 39.55477 46.67888 50.20139 48.00534 -9999 -9999 -9999 -9999 -9999 -9999 -9999 -9999 -9999 -9999 -9999 -9999 -9999 -9999 -9999 -9999
18.92602 19.89439 18.01631 21.80698 9.404165 24.98527 32.27838 39.44207 28.83246 29.13303 24.71808 20.93795 19.11897 11.0623 16.10756 13.77003 6.275164 14.03162 22.35536 14.61063 18.32731 12.11392 5.708649 13.24613 12.9662 14.02623 14.93544 8.657545 7.350034 20.01977 10.05299 29.45131 39.23417 43.58071 44.84043 37.53414 33.72276 34.84074 54.71047 56.51103 50.27302 34.31709 18.92602 16.08925 8.981848 27.29642 39.0472 -9999 -9999 -9999 -9999 -9999 -9999 -9999 -9999 -9999 -9999 -9999 -9999 -9999 -9999 -9999 -9999 -9999 -9999
12.38466 10.42141 27.34673 33.22115 17.84412 20.35923 21.11961 18.24922 35.11681 33.86015 12.79967 23.39492 30.44535 8.281377 26.0215 16.97125 10.73981 7.262163 7.98695 28.97552 27.22398 10.39125 21.64578 36.01479 24.22569 10.14645 23.76405 20.65801 3.662466 19.79966 11.25785 19.38161 25.25184 26.79039 15.2716 37.09222 17.84412 49.17868 56.72722 -9999 -9999 -9999 -9999 -9999 -9999 -9999 -9999 -9999 -9999 -9999 -9999 -9999 -9999 -9999 -9999 -9999 -9999 -9999 -9999 -9999 -9999 -9999 -9999 -9999 -9999
23.2662 44.87873 50.2336 38.44474 27.40123 23.42555 9.701924 16.60597 16.64558 8.046744 11.26477 20.32529 21.01282 10.5708 20.54122 19.59409 19.04136 21.11961 25.98832 22.66487 3.08144 4.518684 23.08819 20.35923 11.44293 16.1669 24.52189 25.24563 20.10124 -9999 -9999 -9999 -9999 -9999 -9999 -9999 -9999 -9999 -9999 -9999 -9999 -9999 -9999 -9999 -9999 -9999 -9999 -9999 -9999 -9999 -9999 -9999 -9999 -9999 -9999 -9999 -9999 -9999 -9999 -9999 -9999 -9999 -9999 -9999 -9999
41.95985 46.12209 38.87674 28.39775 34.73512 19.27663 10.87007 10.26964 11.79032 24.38888 18.07589 2.289826 18.68875 15.4316 4.044429 12.72755 -9999 -9999 -9999 -9999 -9999 -9999 -9999 -9999 -9999 41.87786 52.09691 54.66905 -9999 -9999 -9999 -9999 -9999 -9999 -9999 -9999 -9999 -9999 -9999 -9999 -9999 -9999 -9999 -9999 -9999 -9999 -9999 -9999 -9999 -9999 -9999 -9999 -9999 -9999 -9999 -9999 -9999 -9999 -9999 -9999 -9999 -9999 -9999 -9999 -9999
7.183113 37.84047 33.45504 44.64809 32.77775 10.80515 10.39125 8.981848 15.13919 2.179958 3.982396 5.724379 -9999 -9999 -9999 -9999 -9999 -9999 -9999 -9999 -9999 -9999 -9999 -9999 -9999 -9999 -9999 -9999 -9999 -9999 -9999 -9999 -9999 -9999 -9999 -9999 -9999 -9999 -9999 -9999 -9999 -9999 -9999 -9999 -9999 -9999 -9999 -9999 -9999 -9999 -9999 -9999 -9999 -9999 -9999 -9999 -9999 -9999 -9999 -9999 -9999 -9999 -9999 -9999 -9999
-9999 -9999 42.44537 39.36404 8.056664 13.53632 8.6759 4.162428 20.40663 23.92661 -9999 -9999 -9999 -9999 -9999 -9999 -9999 -9999 -9999 -9999 -9999 -9999 -9999 -9999 -9999 -9999 -9999 -9999 -9999 -9999 -9999 -9999 -9999 -9999 -9999 -9999 -9999 -9999 -9999 -9999 -9999 -9999 -9999 -9999 -9999 -9999 -9999 -9999 -9999 -9999 -9999 -9999 -9999 -9999 -9999 -9999 -9999 -9999 -9999 -9999 -9999 -9999 -9999 -9999 -9999
-9999 -9999 -9999 20.22623 16.8159 13.59239 2.024175 16.72422 -9999 -9999 -9999 -9999 -9999 -9999 -9999 -9999 -9999 -9999 -9999 -9999 -9999 -9999 -9999 -9999 -9999 -9999 -9999 -9999 -9999 -9999 -9999 -9999 -9999 -9999 -9999 -9999 -9999 -9999 -9999 -9999 -9999 -9999 -9999 -9999 -9999 -9999 -9999 -9999 -9999 -9999 -9999 -9999 -9999 -9999 -9999 -9999 -9999 -9999 -9999 -9999 -9999 -9999 -9999 -9999 -9999
-9999 -9999 -9999 -9999 -9999 -9999 -9999 -9999 -9999 -9999 -9999 -9999 -9999 -9999 -9999 -9999 -9999 -9999 -9999 -9999 -9999 -9999 -9999 -9999 -9999 -9999 -9999 -9999 -9999 -9999 -9999 -9999 -9999 -9999 -9999 -9999 -9999 -9999 -9999 -9999 -9999 -9999 -9999 -9999 -9999 -9999 -9999 -9999 -9999 -9999 -9999 -9999 -9999 -9999 -9999 -9999 -9999 -9999 -9999 -9999 -9999 -9999 -9999 -9999 -9999
-9999 -9999 -9999 -9999 -9999 -9999 -9999 -9999 -9999 -9999 -9999 -9999 -9999 -9999 -9999 -9999 -9999 -9999 -9999 -9999 -9999 -9999 -9999 -9999 -9999 -9999 -9999 -9999 -9999 -9999 -9999 -9999 -9999 -9999 -9999 -9999 -9999 -9999 -9999 -9999 -9999 -9999 -9999 -9999 -9999 -9999 -9999 -9999 -9999 -9999 -9999 -9999 -9999 -9999 -9999 -9999 -9999 -9999 -9999 -9999 -9999 -9999 -9999 -9999 -9999
-9999 -9999 -9999 -9999 -9999 -9999 -9999 -9999 -9999 -9999 -9999 -9999 -9999 -9999 -9999 -9999 -9999 -9999 -9999 -9999 -9999 -9999 -9999 -9999 -9999 -9999 -9999 -9999 -9999 -9999 -9999 -9999 -9999 -9999 -9999 -9999 -9999 -9999 -9999 -9999 -9999 -9999 -9999 -9999 -9999 -9999 -9999 -9999 -9999 -9999 -9999 -9999 -9999 -9999 -9999 -9999 -9999 -9999 -9999 -9999 -9999 -9999 -9999 -9999 -9999
