Spatial simulation/Assignments/Ass6-UML of final project/BaseData/processed data/slope.asc
ncols         436
nrows         470
xllcorner     349069.70811638
yllcorner     5290392.2685143
cellsize      25.008572354949
NODATA_value  -9999
[rows 377 to 405 of 470, columns 65 to 129 of 436]
8.821281 6.171384 2.462023 4.518684 7.742915 6.887336 5.491763 4.464353 5.736931 3.236581 3.261714 1.459945 1.14537 1.810628 2.289826 4.353622 5.172477 7.691051 4.712457 6.933893 4.123109 5.708649 5.109347 0.4049967 2.064227 2.917996 1.810628 2.024175 2.591519 4.043309 5.311719 7.128236 2.559762 2.462023 0.9055399 5.172477 8.60223 1.28052 6.377202 2.714812 3.836457 8.452847 10.02162 9.370454 6.564109 3.662466 5.736931 4.865161 1.459945 4.043309 2.36022 1.14537 1.28052 1.28052 0.9055399 1.459945 2.591519 1.810628 9.958569 3.815146 5.998794 6.158285 7.596759 1.619582 2.917996
10.77616 1.28052 8.848258 8.821281 5.061471 1.459945 5.491763 5.820933 4.123109 0.9055399 1.14537 0 0 0 0 0 0 4.60779 5.736931 9.446124 4.464353 4.729672 6.709759 1.214828 2.179958 3.261714 1.28052 2.462023 3.432456 5.708649 5.958234 4.063408 0.9055399 1.459945 2.064227 3.836457 6.052439 2.064227 3.836457 5.311719 3.261714 4.353622 8.546535 9.790964 8.518543 4.712457 3.617646 4.220709 4.297171 6.377202 6.852203 6.84045 6.613028 5.820933 4.60779 3.479687 2.462023 1.28052 8.60223 4.518684 4.729672 4.865161 6.933893 0.9055399 2.591519
9.362005 0.5727423 8.981848 4.931483 4.297171 6.899006 4.464353 1.28052 0.5727423 0.5727423 1.14537 0 0 0 0 0 0 1.214828 2.832714 5.958234 2.714812 4.60779 6.613028 1.669399 2.024175 2.179958 1.717769 1.214828 1.14537 1.14537 0.5727423 1.14537 0.5727423 1.459945 2.064227 2.945871 5.432427 3.261714 2.179958 4.60779 4.043309 7.139497 7.139497 4.162428 3.617646 2.462023 1.669399 1.459945 5.622924 8.776125 7.173168 4.220709 2.064227 2.428566 2.064227 1.717769 1.810628 1.14537 6.564109 3.617646 4.729672 4.518684 5.265724 1.459945 2.064227
7.98695 4.372275 7.522564 11.11856 6.065773 8.046744 7.638817 2.714812 0.9055399 0.809953 1.459945 0 0 0 0 0 0 0 2.289826 5.141011 2.289826 4.043309 5.958234 2.861426 0.5727423 1.810628 1.619582 1.619582 2.559762 2.559762 2.591519 3.08144 2.714812 0.9055399 2.024175 4.446093 7.037477 4.123109 4.043309 6.105598 2.559762 1.717769 6.052439 3.815146 1.459945 1.14537 2.289826 2.861426 4.518684 5.665953 4.931483 6.105598 3.728675 2.179958 0.809953 0.809953 1.669399 2.289826 4.162428 2.861426 6.899006 5.311719 3.640126 1.28052 1.14537
7.206676 6.757586 7.037477 14.88021 7.426032 7.565054 9.404165 4.043309 1.619582 1.214828 2.024175 0 0 0 0 0 0 0.4049967 2.064227 5.109347 3.662466 2.861426 4.043309 3.456153 1.459945 0.9055399 2.462023 2.832714 2.559762 2.559762 2.591519 3.08144 2.714812 2.462023 2.024175 3.815146 7.128236 2.917996 5.491763 7.691051 6.052439 4.372275 3.982396 2.462023 1.810628 1.810628 0.9055399 1.669399 3.261714 4.464353 4.162428 4.464353 2.714812 1.810628 0.809953 1.459945 2.064227 3.335969 2.714812 2.179958 5.622924 2.945871 0.809953 0.9055399 2.064227
8.875147 7.742915 7.814919 14.54878 4.353622 9.156738 10.1154 4.518684 1.214828 1.459945 2.289826 0 0 0 0 0 0 1.28052 2.289826 5.311719 5.491763 3.159971 1.810628 3.261714 2.917996 1.28052 2.024175 2.462023 2.559762 2.559762 2.714812 3.08144 2.591519 1.14537 1.14537 4.996909 8.291001 2.945871 7.691051 7.936759 6.852203 6.863935 4.043309 2.179958 2.024175 2.289826 0.9055399 1.669399 1.28052 1.619582 2.559762 2.428566 1.810628 2.714812 2.861426 2.559762 2.861426 3.261714 2.024175 4.865161 6.452636 5.109347 4.297171 3.479687 1.459945
8.291001 8.135568 8.527884 12.99568 0.5727423 12.31603 10.1387 3.640126 0.4049967 1.810628 2.024175 0 0 0 0 0 1.619582 4.063408 3.815146 4.220709 4.865161 3.640126 1.14537 2.289826 3.479687 1.619582 2.861426 2.714812 2.559762 2.559762 2.714812 3.08144 2.591519 3.335969 6.262289 9.060994 9.234285 4.57236 10.57821 9.404165 7.691051 7.128236 5.172477 2.064227 1.28052 1.669399 3.261714 4.60779 3.728675 2.064227 1.28052 0.9055399 0.809953 1.459945 2.861426 4.123109 5.387486 6.377202 5.491763 1.459945 4.162428 2.832714 2.591519 3.479687 4.353622
6.452636 4.60779 5.998794 9.903041 6.564109 12.1521 5.998794 2.861426 0.9055399 2.861426 2.36022 0 0.4049967 0.9055399 1.459945 2.024175 2.024175 2.179958 2.36022 0.5727423 3.617646 7.206676 6.852203 2.559762 3.479687 6.052439 3.728675 0.9055399 2.945871 4.220709 3.479687 1.14537 4.162428 5.417489 7.262163 7.649293 5.665953 2.714812 11.74422 10.81239 7.98695 6.564109 6.300833 2.064227 0.5727423 1.669399 6.452636 8.016906 7.596759 7.295244 4.518684 3.617646 2.861426 0.4049967 1.14537 3.728675 6.377202 8.60223 10.73981 10.44397 8.145374 4.297171 1.669399 3.261714 6.377202
5.061471 2.559762 5.432427 6.313628 8.481068 7.814919 1.28052 5.387486 3.159971 3.261714 3.159971 0 0.9055399 1.214828 1.669399 2.179958 1.214828 2.179958 3.08144 3.261714 3.662466 4.865161 6.502424 6.377202 4.712457 3.617646 3.662466 1.810628 5.608506 6.052439 5.779089 6.377202 5.061471 2.917996 3.432456 5.708649 5.2503 3.456153 12.31603 9.471204 5.958234 7.638817 6.313628 0.5727423 2.064227 3.236581 5.608506 3.728675 1.810628 4.712457 2.861426 2.064227 3.261714 4.297171 4.712457 4.518684 3.08144 1.214828 2.064227 4.881828 4.931483 4.464353 4.043309 4.865161 6.052439
2.36022 5.779089 10.87007 6.933893 10.5708 5.622924 4.063408 3.728675 4.848435 4.123109 2.559762 0 1.14537 1.14537 1.14537 1.14537 2.024175 2.179958 1.669399 3.728675 4.123109 3.728675 4.464353 5.708649 6.514809 2.024175 2.714812 3.236581 7.206676 5.998794 3.662466 7.742915 7.048888 2.024175 1.14537 2.559762 9.370454 6.84045 11.36108 5.2503 1.459945 7.206676 3.617646 1.619582 2.024175 1.810628 3.335969 5.061471 5.736931 4.220709 4.063408 2.559762 1.459945 2.917996 4.043309 5.061471 5.491763 4.729672 3.617646 2.289826 2.024175 2.289826 2.861426 4.712457 7.926682
2.591519 6.377202 6.709759 3.456153 12.2847 6.052439 3.617646 0.809953 2.024175 1.810628 0.809953 0 1.14537 1.14537 1.14537 1.14537 2.36022 2.861426 2.714812 4.043309 3.662466 2.861426 2.861426 3.261714 4.372275 2.559762 0.4049967 2.462023 6.673656 5.665953 5.491763 7.350034 6.887336 2.36022 2.559762 2.559762 9.661159 7.691051 9.165389 5.820933 6.863935 3.815146 0.809953 1.459945 0.809953 1.669399 2.179958 2.289826 2.591519 3.617646 4.464353 2.289826 3.662466 3.261714 3.432456 3.261714 3.236581 2.462023 0.5727423 2.024175 2.36022 1.28052 0.4049967 0 1.14537
1.459945 3.261714 8.481068 10.73981 8.981848 4.043309 1.28052 1.459945 1.14537 0.4049967 0 0 1.14537 1.14537 1.14537 1.14537 3.159971 3.261714 1.459945 3.236581 3.728675 3.432456 3.261714 2.462023 2.024175 3.456153 1.459945 1.669399 5.109347 4.865161 4.123109 5.109347 4.931483 1.28052 2.945871 2.861426 6.95705 8.056664 5.491763 0.9055399 7.691051 2.861426 3.335969 0.9055399 0 0.4049967 1.14537 2.36022 3.617646 4.729672 3.617646 2.064227 2.462023 3.159971 3.432456 3.159971 2.559762 1.619582 1.459945 2.428566 1.810628 0.809953 0 0 0.809953
1.214828 2.462023 5.779089 7.565054 4.60779 1.28052 1.810628 1.214828 1.28052 0.5727423 0 0 1.14537 1.14537 1.14537 1.14537 2.917996 3.335969 2.289826 1.28052 1.459945 3.159971 2.861426 1.214828 1.810628 4.464353 3.640126 2.179958 2.714812 2.36022 1.28052 3.08144 4.464353 5.2503 4.043309 3.640126 4.518684 6.105598 3.662466 2.832714 8.919771 2.428566 6.613028 0.4049967 0 0 0.9055399 2.064227 2.832714 3.236581 1.810628 2.179958 0.9055399 1.14537 1.14537 1.14537 0.9055399 0.4049967 2.591519 2.36022 1.28052 1.28052 0.4049967 0 0.809953
1.669399 1.810628 6.899006 6.649473 1.459945 1.459945 3.335969 3.159971 2.462023 1.669399 0 0 1.14537 1.14537 1.14537 1.14537 1.669399 4.372275 5.708649 5.491763 5.061471 4.372275 3.432456 2.861426 2.024175 3.261714 4.063408 2.861426 1.669399 0.9055399 0.4049967 2.591519 6.275164 6.613028 4.931483 4.063408 3.159971 0.809953 4.372275 3.261714 3.08144 6.649473 5.779089 0.4049967 0.4049967 0.9055399 1.669399 2.861426 3.662466 3.261714 1.14537 2.289826 0 0 0 0 0 0 3.159971 2.36022 1.28052 1.28052 0.9055399 0 1.14537
3.815146 4.848435 5.109347 10.77616 1.669399 1.669399 2.945871 5.708649 2.559762 2.917996 0 0 1.14537 1.14537 1.14537 1.14537 0.5727423 0.5727423 0 0.9055399 1.669399 1.669399 1.459945 2.917996 5.998794 5.172477 0.5727423 1.669399 1.14537 2.179958 2.832714 3.432456 3.662466 3.728675 11.42933 2.714812 7.426032 5.172477 10.1154 7.565054 9.512845 5.651647 1.717769 1.214828 1.14537 1.214828 1.459945 2.36022 4.464353 5.665953 4.372275 3.456153 1.669399 0.4049967 0 0.4049967 1.28052 2.36022 2.462023 1.669399 2.36022 1.28052 0.9055399 0 0.809953
4.931483 2.714812 1.459945 9.958569 3.335969 2.559762 2.428566 5.491763 2.179958 3.640126 1.214828 0.809953 2.024175 2.861426 2.591519 3.236581 2.36022 2.462023 4.931483 6.052439 6.052439 4.002805 0.809953 2.714812 3.617646 4.123109 3.728675 1.619582 3.159971 1.14537 6.262289 6.502424 0.5727423 9.156738 13.53632 2.591519 10.02162 8.086349 11.00573 2.861426 13.22306 2.559762 3.159971 1.459945 2.36022 1.619582 1.14537 1.14537 2.559762 5.2503 5.998794 4.372275 3.261714 1.28052 1.14537 1.28052 2.428566 3.728675 2.462023 2.861426 2.917996 1.810628 0.5727423 0 0.809953
0.9055399 3.08144 3.662466 7.393561 3.479687 1.28052 2.36022 1.14537 5.876249 6.933893 5.998794 4.220709 2.559762 2.064227 4.518684 3.617646 0.4049967 4.518684 3.728675 2.024175 1.669399 2.462023 2.024175 2.428566 5.665953 4.865161 5.876249 2.861426 4.712457 0.9055399 7.426032 2.714812 8.203953 16.20329 10.92026 12.82362 8.629934 4.353622 3.335969 4.043309 7.936759 1.28052 5.061471 6.709759 5.779089 3.432456 1.810628 0.809953 1.619582 3.08144 2.428566 2.024175 4.60779 0.9055399 0.809953 1.28052 1.810628 2.024175 6.863935 6.262289 4.353622 3.236581 2.179958 1.669399 2.714812
4.464353 6.899006 6.377202 7.649293 4.996909 2.714812 1.459945 2.064227 6.673656 4.881828 6.649473 6.262289 6.46512 2.024175 3.08144 5.061471 5.876249 0.5727423 5.708649 4.464353 3.261714 1.28052 5.608506 5.061471 0.9055399 4.353622 5.387486 3.261714 5.998794 1.619582 4.848435 7.262163 10.14645 13.67043 1.669399 15.63715 7.565054 3.432456 3.261714 2.064227 3.728675 5.417489 4.881828 4.865161 2.591519 2.024175 1.669399 2.024175 3.662466 4.123109 5.387486 4.043309 3.479687 4.063408 4.712457 4.002805 1.669399 5.665953 9.268529 3.479687 7.691051 3.982396 2.945871 3.479687 0.9055399
8.527884 7.350034 5.622924 5.665953 2.179958 2.36022 0.5727423 1.717769 6.863935 2.945871 3.456153 3.617646 5.172477 1.28052 1.214828 1.14537 3.662466 5.665953 3.236581 2.064227 3.662466 4.518684 0.9055399 4.297171 6.887336 4.297171 3.261714 1.669399 6.145157 3.456153 1.669399 2.559762 5.491763 9.903041 4.220709 11.31991 6.052439 6.564109 6.275164 4.518684 4.865161 5.779089 2.024175 4.60779 4.881828 4.60779 3.08144 2.462023 2.714812 2.179958 1.669399 4.865161 3.08144 6.105598 4.043309 2.945871 4.043309 9.025909 1.717769 7.251101 5.387486 3.662466 0.9055399 4.063408 4.353622
8.527884 3.640126 1.669399 2.861426 1.669399 4.063408 2.289826 2.462023 5.779089 3.836457 4.518684 4.446093 4.220709 0.4049967 1.214828 2.179958 2.462023 5.998794 4.446093 2.064227 4.446093 5.998794 2.832714 5.061471 8.919771 1.619582 0.5727423 1.717769 5.608506 3.479687 2.179958 2.861426 4.865161 8.848258 8.046744 6.105598 2.289826 5.265724 5.061471 5.109347 4.372275 2.861426 5.708649 5.432427 4.712457 3.617646 2.591519 2.179958 1.619582 0.4049967 3.836457 1.810628 5.651647 9.268529 8.60223 6.052439 4.063408 7.139497 8.629934 8.592974 3.815146 2.064227 2.559762 1.669399 2.832714
5.311719 0.5727423 1.28052 2.064227 2.832714 3.728675 1.619582 2.861426 5.265724 2.462023 3.456153 2.917996 2.559762 0.9055399 0.9055399 3.261714 4.996909 3.261714 7.732571 3.617646 3.728675 5.998794 3.836457 3.08144 8.776125 4.60779 3.617646 5.061471 7.691051 3.815146 2.861426 5.998794 5.779089 3.261714 5.998794 5.491763 4.220709 2.024175 2.591519 7.262163 4.996909 3.261714 7.565054 3.159971 3.479687 3.159971 2.591519 1.717769 0.4049967 1.619582 3.335969 5.387486 2.462023 6.377202 7.926682 5.958234 2.559762 4.729672 8.096217 4.297171 2.861426 2.591519 1.619582 0.9055399 1.459945
3.159971 0.9055399 1.28052 0.9055399 2.024175 2.559762 3.236581 5.665953 6.502424 2.36022 4.372275 2.714812 2.024175 1.669399 1.669399 4.518684 4.123109 3.432456 8.252433 3.815146 1.717769 4.729672 6.158285 3.728675 10.04516 10.73981 5.265724 7.649293 8.396101 5.998794 7.139497 4.220709 12.51449 8.046744 8.919771 4.123109 6.46512 5.2503 5.109347 7.404401 4.123109 3.662466 6.300833 1.14537 1.619582 2.024175 2.179958 1.669399 1.810628 2.36022 2.024175 4.297171 4.881828 6.673656 2.179958 2.714812 4.043309 7.173168 0.809953 2.714812 1.214828 3.159971 2.428566 1.459945 0.4049967
5.491763 0.5727423 1.619582 1.28052 2.024175 2.714812 4.464353 5.779089 3.836457 2.179958 4.353622 1.810628 1.14537 2.024175 2.36022 6.052439 3.236581 5.109347 6.899006 7.262163 6.275164 5.109347 5.958234 5.432427 4.043309 8.046744 6.852203 8.291001 4.063408 4.518684 6.95705 5.265724 13.17099 5.387486 14.19228 1.619582 4.464353 4.123109 2.179958 4.297171 2.179958 3.432456 3.836457 3.662466 2.861426 1.28052 0.9055399 1.28052 2.36022 3.159971 4.712457 1.669399 6.105598 8.016906 6.757586 3.261714 3.159971 6.887336 5.265724 4.518684 5.432427 3.08144 5.608506 2.179958 3.836457
5.779089 3.261714 2.024175 0.9055399 1.28052 1.28052 4.123109 5.387486 0.5727423 6.171384 5.387486 3.815146 2.917996 0.9055399 2.064227 7.638817 5.061471 5.172477 11.36108 13.98301 13.29213 10.02162 2.714812 5.998794 10.26964 5.141011 4.518684 3.261714 4.518684 3.261714 4.712457 4.446093 12.03072 9.165389 8.919771 8.016906 1.214828 4.162428 1.619582 3.662466 2.591519 3.836457 2.917996 4.848435 4.123109 2.559762 0.4049967 1.14537 2.289826 3.432456 4.931483 2.36022 7.742915 3.662466 6.052439 3.836457 1.28052 3.335969 3.836457 3.159971 8.016906 4.881828 7.139497 1.214828 8.281377
4.464353 4.60779 2.714812 1.810628 2.024175 1.28052 6.158285 8.481068 6.95705 10.239 5.061471 3.728675 2.917996 2.428566 0.9055399 4.914989 9.156738 5.779089 1.14537 2.289826 2.289826 3.728675 5.998794 2.462023 4.881828 8.203953 1.459945 4.914989 7.173168 8.252433 8.776125 8.981848 8.821281 12.03072 1.669399 9.6448 5.417489 2.945871 2.559762 2.024175 0.4049967 3.617646 1.669399 4.518684 4.372275 3.159971 0 1.14537 2.289826 3.432456 3.08144 6.502424 4.043309 4.848435 6.564109 2.591519 2.064227 5.109347 5.779089 3.261714 5.387486 8.60223 5.958234 3.159971 8.367576
8.145374 8.481068 4.043309 1.810628 3.836457 3.728675 9.242859 12.0756 10.87007 10.73981 0 0.9055399 1.214828 1.459945 2.064227 0.9055399 6.757586 9.311143 9.92688 10.33824 8.60223 5.608506 3.479687 4.123109 4.297171 5.820933 3.432456 6.95705 2.917996 3.159971 4.865161 3.982396 3.335969 8.546535 5.311719 2.861426 4.996909 3.335969 3.335969 4.518684 3.662466 3.640126 4.043309 3.640126 3.08144 4.518684 3.815146 2.024175 0.9055399 4.162428 5.876249 4.729672 1.14537 5.708649 3.432456 2.024175 2.714812 3.335969 1.214828 4.881828 2.462023 0.9055399 2.462023 5.2503 6.852203
7.565054 9.242859 6.649473 3.617646 3.456153 2.559762 4.518684 8.776125 7.742915 4.729672 1.28052 1.28052 0.9055399 0.4049967 0.4049967 1.214828 1.810628 4.60779 5.141011 3.432456 1.669399 0.9055399 0.5727423 2.024175 3.432456 2.179958 3.836457 3.335969 1.669399 2.559762 3.982396 2.428566 5.109347 4.043309 3.236581 3.261714 1.214828 5.876249 4.914989 0.9055399 2.945871 3.479687 5.172477 4.60779 2.289826 0.4049967 2.917996 4.865161 5.736931 5.608506 1.14537 6.46512 4.043309 4.848435 6.649473 4.002805 1.619582 1.669399 2.917996 1.669399 3.236581 3.815146 3.456153 3.456153 2.917996
6.377202 6.863935 4.123109 1.810628 2.024175 2.462023 4.60779 8.016906 7.048888 4.446093 0.9055399 0.4049967 0 0 0 0.4049967 0.9055399 2.36022 3.261714 2.861426 2.462023 1.619582 1.214828 1.14537 1.619582 2.064227 5.998794 0.809953 2.917996 2.591519 4.043309 0.4049967 4.712457 1.459945 1.28052 4.931483 2.462023 5.265724 6.863935 3.728675 0.9055399 1.619582 1.669399 2.064227 2.559762 2.428566 2.36022 4.914989 7.173168 10.20055 11.30616 2.945871 6.933893 1.619582 3.261714 0.9055399 2.179958 3.432456 3.159971 1.28052 1.14537 0.5727423 0.5727423 2.289826 2.861426
9.336611 8.81227 5.736931 3.159971 3.261714 3.261714 5.265724 6.262289 2.861426 4.297171 0.9055399 0.4049967 0 0 0 0.4049967 2.024175 2.36022 1.619582 2.559762 2.559762 1.619582 1.619582 2.179958 2.024175 2.289826 6.84045 0.4049967 3.815146 3.617646 3.982396 1.810628 4.518684 0.5727423 2.179958 6.852203 4.57236 2.462023 6.377202 4.063408 2.462023 2.289826 0 2.024175 4.123109 5.491763 4.914989 2.714812 2.559762 4.372275 7.565054 3.662466 5.876249 2.289826 4.220709 3.479687 4.353622 3.815146 2.024175 0.809953 2.064227 1.459945 2.024175 4.162428 6.313628
